0 1e-06 0 -0.002 0
0.314159265358979 -1.46740110027193e-06 3.67095965723237e-06 -0.00199999999999973 -0
0.628318530717959 3.30653197815714e-06 -1.07735404801103e-05 -0.00199999999999768 -0
0.942477796076938 -8.23661622536527e-06 2.79472506507251e-05 -0.00199999999998438 -0
1.25663706143592 2.08663074446273e-05 -7.12461122169663e-05 -0.00199999999989848 -0
1.5707963267949 -5.30018687728963e-05 0.000181145996069712 -0.00199999999934372 -0
1.88495559215388 0.00013468369354059 -0.000460381552482136 -0.00199999999576098 -0
2.19911485751286 -0.000342268129398125 0.0011699827449546 -0.00199999997262281 -0
2.51327412287183 0.000869805532815827 -0.00297328552380747 -0.00199999982319146 -0
2.82743338823081 -0.00221043852112181 0.00755600806810858 -0.00199999885813484 -0
3.14159265358979 0.00561738542026285 -0.0192018724150953 -0.00199999262576192 -0
3.45575191894877 -0.0142753307840082 0.0487938955245937 -0.00199995238311519 0
3.76991118430775 0.0362754941642811 -0.123936310270117 -0.00199969279581993 0
4.08407044966673 -0.0921468111555332 0.313914715563487 -0.00199802915102705 0
4.39822971502571 0.233513927017877 -0.780781403083949 -0.00198780760801197 0
4.71238898038469 -0.582726235153146 1.72389095776236 -0.0019405639993149 0
5.02654824574367 1.3166665607171 -1.55577587473586 -0.0019515912285518 0
5.34070751110265 -1.56024904689363 -1.30396201670351 -0.00196599366117989 -0
5.65486677646163 0.497363062269925 2.80237159688145 -0.00184293426865984 -0
5.96902604182061 0.200532957384665 -2.50928702196534 -0.00187406957282793 0
6.28318530717959 -1.07926847252098 2.850436117567 -0.00183750027879339 0
6.59734457253857 1.99151479067976 2.60552570491245 -0.00186422471602081 0
6.91150383789754 0.557831610137485 -8.72104297298522 -0.000478868189266903 -0
7.22566310325652 -3.48807811643448 -15.5456975400278 0.00283337424012052 -0
7.5398223686155 -9.20981822719856 -16.5375466226723 0.00346980896594118 0
7.85398163397448 -13.8789251120717 -7.26868147099378 -0.000943325393464634 0
8.16814089933346 -13.7768654893102 7.67454795603898 -0.000822026273409157 -0
8.48230016469244 -9.05686441640873 17.8490667998345 0.00437178371249911 -0
8.79645943005142 -2.56196606295148 24.9756200551052 0.0104756319427394 -0
9.1106186954104 6.63578048038492 26.5650858514394 0.012114075725887 0
9.42477796076938 14.1293696476214 15.9990922664761 0.00311941906702432 0
9.73893722612836 16.6883066260783 14.669562232567 0.0023039211219031 0
10.0530964914873 23.3465274358635 28.8662295524986 0.0146651841715509 0
10.3672557568463 34.8254935658715 38.6182507068589 0.0278273857531562 0
10.6814150222053 47.6110899788949 44.3746877101732 0.0373822581875079 0
10.9955742875643 62.7069321489958 49.030134868226 0.0460790825039286 0
11.3097335529233 78.417632280202 49.051466278906 0.046120926882213 -0
11.6238928182822 93.5268773709195 53.2783412552686 0.0547716329382572 0
11.9380520836412 111.893401376802 65.7938192496571 0.084576533029131 0
12.2522113490002 134.866353212187 71.3948766842779 0.099944568335265 -0
12.5663706143592 156.752125395858 72.1910752550229 0.102231026929528 0
12.8805298797182 180.225343547373 81.9009675349696 0.132155369663283 -0
13.1946891450771 208.212020981809 83.0970345773221 0.136102343110893 0
13.5088484104361 232.436750220015 77.4324640670756 0.117915729829979 -0
13.8230076757951 256.864273034305 83.0876407132448 0.136071120785865 -0
14.1371669411541 284.642254553783 80.9850891398592 0.129171693259819 0
14.451326206513 307.748705252724 74.5478133106989 0.109147529388136 -0
14.765485471872 331.482027081398 83.3918891716658 0.137084143592388 -0
15.079644737231 360.14537453086 84.1091744597655 0.139487064566065 0
15.39380400259 384.329379997858 70.1476044690758 0.096413728254998 0
15.707963267949 404.220414304254 56.5218774024341 0.0618944525019158 0
16.0221225333079 419.843122960776 56.832843128324 0.0625994411609736 0
16.3362817986669 439.929542795167 63.1016346189347 0.0776363258316309 -0
16.6504410640259 459.491049310446 56.5317294352775 0.0619167286588684 -0
16.9646003293849 475.449475972886 57.6829364583524 0.0645464231691664 0
17.2787595947439 495.734307193456 69.2421615371571 0.0938895386867551 0
17.5929188601028 518.955609173648 78.3037442962536 0.120629527416261 0
17.9070781254618 544.934000759392 90.4771097340344 0.16172214771649 0
18.2212373908208 575.804053825344 104.378361405985 0.21589684659597 0
18.5353966561798 610.516859436749 103.689847830008 0.213031690860204 -0
18.8495559215388 640.954306664263 96.3407329594859 0.183630736543419 0
